Date,Total Doses - Daily,Total Doses - Cumulative,1st Dose - Daily,1st Dose - Cumulative,2nd Dose - Daily,2nd Dose - Cumulative,Total Doses - Daily - Chicago Resident,Total Doses - Cumulative - Chicago Resident,Total Doses - Daily - Non-Chicago Resident,Total Doses - Cumulative - Non-Chicago Resident,Total Doses - Daily - Unknown Residency,Total Doses - Cumulative - Unknown Residency,1st Dose - Daily - Chicago Resident,1st Dose - Cumulative  - Chicago Resident,1st Dose - Daily - Non-Chicago Resident,1st Dose - Cumulative  - Non-Chicago Resident,1st Dose - Daily - Unknown Residency,1st Dose - Cumulative - Unknown Residency,2nd Dose - Daily - Chicago Resident,2nd Dose - Cumulative  - Chicago Resident,2nd Dose - Daily - Non-Chicago Resident,2nd Dose - Cumulative  - Non-Chicago Resident,2nd Dose - Daily - Unknown Residency,2nd Dose - Cumulative- Unknown Residency
12/15/2020,14,14,14,14,0,0,10,10,4,4,0,0,10,10,4,4,0,0,0,0,0,0,0,0
07/16/2021,4371,2981457,2218,1633120,2153,1348337,3737,2172016,564,788255,70,21186,1848,1174782,319,445415,51,12923,1889,997234,245,342840,19,8263
12/16/2020,126,140,126,140,0,0,72,82,53,57,1,1,72,82,53,57,1,1,0,0,0,0,0,0
12/17/2020,1496,1636,1496,1636,0,0,955,1037,538,595,3,4,955,1037,538,595,3,4,0,0,0,0,0,0
07/17/2021,2999,2984456,1732,1634852,1267,1349604,2431,2174447,462,788717,106,21292,1386,1176168,269,445684,77,13000,1045,998279,193,343033,29,8292
07/18/2021,424,2984880,241,1635093,183,1349787,319,2174766,84,788801,21,21313,167,1176335,62,445746,12,13012,152,998431,22,343055,9,8301
12/18/2020,5596,7232,5596,7232,0,0,3575,4612,1924,2519,97,101,3575,4612,1924,2519,97,101,0,0,0,0,0,0
12/19/2020,2868,10100,2868,10100,0,0,1769,6381,1010,3529,89,190,1769,6381,1010,3529,89,190,0,0,0,0,0,0
12/20/2020,768,10868,768,10868,0,0,366,6747,400,3929,2,192,366,6747,400,3929,2,192,0,0,0,0,0,0
12/21/2020,4603,15471,4603,15471,0,0,3006,9753,1564,5493,33,225,3006,9753,1564,5493,33,225,0,0,0,0,0,0
12/22/2020,4911,20382,4911,20382,0,0,3116,12869,1776,7269,19,244,3116,12869,1776,7269,19,244,0,0,0,0,0,0
12/23/2020,4168,24550,4168,24550,0,0,2444,15313,1694,8963,30,274,2444,15313,1694,8963,30,274,0,0,0,0,0,0
12/24/2020,1370,25920,1370,25920,0,0,790,16103,564,9527,16,290,790,16103,564,9527,16,290,0,0,0,0,0,0
12/25/2020,1,25921,1,25921,0,0,1,16104,0,9527,0,290,1,16104,0,9527,0,290,0,0,0,0,0,0
12/26/2020,597,26518,597,26518,0,0,392,16496,200,9727,5,295,392,16496,200,9727,5,295,0,0,0,0,0,0
12/27/2020,5,26523,5,26523,0,0,2,16498,3,9730,0,295,2,16498,3,9730,0,295,0,0,0,0,0,0
12/28/2020,3479,30002,3479,30002,0,0,2196,18694,1274,11004,9,304,2196,18694,1274,11004,9,304,0,0,0,0,0,0
12/29/2020,5066,35068,5066,35068,0,0,3366,22060,1691,12695,9,313,3366,22060,1691,12695,9,313,0,0,0,0,0,0
12/30/2020,6502,41570,6502,41570,0,0,4144,26204,2320,15015,38,351,4144,26204,2320,15015,38,351,0,0,0,0,0,0
12/31/2020,2513,44083,2513,44083,0,0,1439,27643,1073,16088,1,352,1439,27643,1073,16088,1,352,0,0,0,0,0,0
01/01/2021,55,44138,55,44138,0,0,36,27679,19,16107,0,352,36,27679,19,16107,0,352,0,0,0,0,0,0
01/02/2021,1193,45331,1193,45331,0,0,857,28536,336,16443,0,352,857,28536,336,16443,0,352,0,0,0,0,0,0
01/03/2021,1261,46592,1221,46552,40,40,859,29395,400,16843,2,354,834,29370,385,16828,2,354,25,25,15,15,0,0
01/04/2021,4142,50734,3813,50365,329,369,2633,32028,1504,18347,5,359,2416,31786,1392,18220,5,359,217,242,112,127,0,0
01/05/2021,4993,55727,4542,54907,451,820,3353,35381,1624,19971,16,375,3064,34850,1463,19683,15,374,289,531,161,288,1,1
01/06/2021,4591,60318,3705,58612,886,1706,2863,38244,1696,21667,32,407,2357,37207,1331,21014,17,391,506,1037,365,653,15,16
01/07/2021,6150,66468,3567,62179,2583,4289,4029,42273,2019,23686,102,509,2385,39592,1161,22175,21,412,1644,2681,858,1511,81,97
01/08/2021,9792,76260,4693,66872,5099,9388,6530,48803,3134,26820,128,637,3219,42811,1424,23599,50,462,3311,5992,1710,3221,78,175
01/09/2021,3807,80067,1692,68564,2115,11503,2512,51315,1278,28098,17,654,1131,43942,556,24155,5,467,1381,7373,722,3943,12,187
01/10/2021,1544,81611,882,69446,662,12165,1116,52431,426,28524,2,656,701,44643,179,24334,2,469,415,7788,247,4190,0,187
01/11/2021,6006,87617,2001,71447,4005,16170,4120,56551,1867,30391,19,675,1441,46084,559,24893,1,470,2679,10467,1308,5498,18,205
01/17/2021,1275,118486,630,91484,645,27002,893,76770,381,40886,1,830,465,59660,164,31265,1,559,428,17110,217,9621,0,271
01/12/2021,8107,95724,3873,75320,4234,20404,5252,61803,2819,33210,36,711,2642,48726,1222,26115,9,479,2610,13077,1597,7095,27,232
01/13/2021,7934,103658,4461,79781,3473,23877,5123,66926,2757,35967,54,765,3085,51811,1346,27461,30,509,2038,15115,1411,8506,24,256
01/14/2021,5097,108755,3902,83683,1195,25072,3316,70242,1745,37712,36,801,2632,54443,1244,28705,26,535,684,15799,501,9007,10,266
01/15/2021,5003,113758,4282,87965,721,25793,3234,73476,1744,39456,25,826,2756,57199,1505,30210,21,556,478,16277,239,9246,4,270
01/16/2021,3453,117211,2889,90854,564,26357,2401,75877,1049,40505,3,829,1996,59195,891,31101,2,558,405,16682,158,9404,1,271
01/18/2021,5183,123669,2837,94321,2346,29348,3389,80159,1780,42666,14,844,1917,61577,912,32177,8,567,1472,18582,868,10489,6,277
01/19/2021,6939,130608,3566,97887,3373,32721,4704,84863,2220,44886,15,859,2662,64239,893,33070,11,578,2042,20624,1327,11816,4,281
01/20/2021,10074,140682,5903,103790,4171,36892,6603,91466,3445,48331,26,885,4119,68358,1770,34840,14,592,2484,23108,1675,13491,12,293
01/21/2021,11940,152622,9197,112987,2743,39635,8729,100195,3191,51522,20,905,7112,75470,2068,36908,17,609,1617,24725,1123,14614,3,296
01/22/2021,11092,163714,9717,122704,1375,41010,8063,108258,3006,54528,23,928,7258,82728,2439,39347,20,629,805,25530,567,15181,3,299
01/23/2021,4785,168499,4235,126939,550,41560,3564,111822,1210,55738,11,939,3218,85946,1006,40353,11,640,346,25876,204,15385,0,299
01/24/2021,2061,170560,1918,128857,143,41703,1140,112962,916,56654,5,944,1065,87011,848,41201,5,645,75,25951,68,15453,0,299
01/25/2021,9919,180479,6729,135586,3190,44893,6334,119296,3555,60209,30,974,4437,91448,2265,43466,27,672,1897,27848,1290,16743,3,302
01/26/2021,11978,192457,8010,143596,3968,48861,7998,127294,3936,64145,44,1018,5260,96708,2721,46187,29,701,2738,30586,1215,17958,15,317
01/27/2021,14370,206827,10810,154406,3560,52421,9352,136646,4941,69086,77,1095,7123,103831,3648,49835,39,740,2229,32815,1293,19251,38,355
01/28/2021,16392,223219,13609,168015,2783,55204,10182,146828,6151,75237,59,1154,8491,112322,5072,54907,46,786,1691,34506,1079,20330,13,368
01/29/2021,16658,239877,14802,182817,1856,57060,10342,157170,6258,81495,58,1212,9262,121584,5487,60394,53,839,1080,35586,771,21101,5,373
01/30/2021,9556,249433,8032,190849,1524,58584,5359,162529,4189,85684,8,1220,4365,125949,3660,64054,7,846,994,36580,529,21630,1,374
01/31/2021,2900,252333,2556,193405,344,58928,1938,164467,957,86641,5,1225,1686,127635,866,64920,4,850,252,36832,91,21721,1,375
02/01/2021,11968,264301,10236,203641,1732,60660,6591,171058,5347,91988,30,1255,5360,132995,4847,69767,29,879,1231,38063,500,22221,1,376
02/02/2021,16258,280559,12305,215946,3953,64613,9620,180678,6576,98564,62,1317,6961,139956,5295,75062,49,928,2659,40722,1281,23502,13,389
02/03/2021,17695,298254,14125,230071,3570,68183,10573,191251,7057,105621,65,1382,8109,148065,5971,81033,45,973,2464,43186,1086,24588,20,409
02/04/2021,21252,319506,17599,247670,3653,71836,13033,204284,8138,113759,81,1463,10526,158591,7011,88044,62,1035,2507,45693,1127,25715,19,428
02/05/2021,22476,341982,17447,265117,5029,76865,14132,218416,8266,122025,78,1541,10480,169071,6907,94951,60,1095,3652,49345,1359,27074,18,446
02/06/2021,13145,355127,10699,275816,2446,79311,7325,225741,5785,127810,35,1576,5634,174705,5033,99984,32,1127,1691,51036,752,27826,3,449
02/07/2021,3523,358650,2845,278661,678,79989,2254,227995,1263,129073,6,1582,1693,176398,1146,101130,6,1133,561,51597,117,27943,0,449
02/08/2021,15097,373747,12287,290948,2810,82799,8523,236518,6535,135608,39,1621,6459,182857,5789,106919,39,1172,2064,53661,746,28689,0,449
02/09/2021,17363,391110,14141,305089,3222,86021,9414,245932,7884,143492,65,1686,6990,189847,7096,114015,55,1227,2424,56085,788,29477,10,459
02/10/2021,22154,413264,17545,322634,4609,90630,12916,258848,9168,152660,70,1756,9404,199251,8077,122092,64,1291,3512,59597,1091,30568,6,465
02/11/2021,24531,437795,16808,339442,7723,98353,15033,273881,9438,162098,60,1816,8908,208159,7849,129941,51,1342,6125,65722,1589,32157,9,474
02/12/2021,22075,459870,14939,354381,7136,105489,13818,287699,8209,170307,48,1864,8250,216409,6650,136591,39,1381,5568,71290,1559,33716,9,483
02/13/2021,13744,473614,10279,364660,3465,108954,10006,297705,3693,174000,45,1909,7190,223599,3045,139636,44,1425,2816,74106,648,34364,1,484
02/14/2021,3498,477112,3049,367709,449,109403,2509,300214,962,174962,27,1936,2148,225747,874,140510,27,1452,361,74467,88,34452,0,484
02/15/2021,9875,486987,7565,375274,2310,111713,6195,306409,3621,178583,59,1995,4557,230304,2960,143470,48,1500,1638,76105,661,35113,11,495
02/16/2021,10286,497273,7358,382632,2928,114641,6463,312872,3788,182371,35,2030,4437,234741,2898,146368,23,1523,2026,78131,890,36003,12,507
02/17/2021,14310,511583,7514,390146,6796,121437,9494,322366,4758,187129,58,2088,4636,239377,2839,149207,39,1562,4858,82989,1919,37922,19,526
02/18/2021,17742,529325,9340,399486,8402,129839,11581,333947,6096,193225,65,2153,5582,244959,3716,152923,42,1604,5999,88988,2380,40302,23,549
02/19/2021,16511,545836,7224,406710,9287,139126,11117,345064,5308,198533,86,2239,4644,249603,2526,155449,54,1658,6473,95461,2782,43084,32,581
02/20/2021,9113,554949,4419,411129,4694,143820,6601,351665,2490,201023,22,2261,3342,252945,1063,156512,14,1672,3259,98720,1427,44511,8,589
02/21/2021,4703,559652,2688,413817,2015,145835,2977,354642,1706,202729,20,2281,1837,254782,836,157348,15,1687,1140,99860,870,45381,5,594
02/22/2021,13055,572707,5653,419470,7402,153237,8805,363447,4192,206921,58,2339,3992,258774,1631,158979,30,1717,4813,104673,2561,47942,28,622
02/23/2021,18384,591091,9788,429258,8596,161833,12304,375751,6024,212945,56,2395,6531,265305,3226,162205,31,1748,5773,110446,2798,50740,25,647
02/24/2021,18856,609947,9391,438649,9465,171298,12848,388599,5965,218910,43,2438,6666,271971,2705,164910,20,1768,6182,116628,3260,54000,23,670
02/25/2021,21788,631735,9882,448531,11906,183204,15106,403705,6609,225519,73,2511,6876,278847,2972,167882,34,1802,8230,124858,3637,57637,39,709
02/26/2021,24338,656073,12045,460576,12293,195497,16665,420370,7598,233117,75,2586,8244,287091,3760,171642,41,1843,8421,133279,3838,61475,34,743
02/27/2021,16517,672590,11258,471834,5259,200756,12108,432478,4349,237466,60,2646,8723,295814,2480,174122,55,1898,3385,136664,1869,63344,5,748
02/28/2021,7391,679981,4744,476578,2647,203403,5187,437665,2160,239626,44,2690,3474,299288,1230,175352,40,1938,1713,138377,930,64274,4,752
03/01/2021,16590,696571,9316,485894,7274,210677,11002,448667,5516,245142,72,2762,6302,305590,2969,178321,45,1983,4700,143077,2547,66821,27,779
03/02/2021,19496,716067,10586,496480,8910,219587,13173,461840,6246,251388,77,2839,7183,312773,3369,181690,34,2017,5990,149067,2877,69698,43,822
03/03/2021,23364,739431,11046,507526,12318,231905,15836,477676,7429,258817,99,2938,7663,320436,3331,185021,52,2069,8173,157240,4098,73796,47,869
03/04/2021,23814,763245,13139,520665,10675,242580,15456,493132,8276,267093,82,3020,8733,329169,4356,189377,50,2119,6723,163963,3920,77716,32,901
03/05/2021,24839,788084,14935,535600,9904,252484,16007,509139,8740,275833,92,3112,9891,339060,4991,194368,53,2172,6116,170079,3749,81465,39,940
03/06/2021,16248,804332,9306,544906,6942,259426,11268,520407,4892,280725,88,3200,6733,345793,2511,196879,62,2234,4535,174614,2381,83846,26,966
03/07/2021,6247,810579,4417,549323,1830,261256,3932,524339,2194,282919,121,3321,2925,348718,1377,198256,115,2349,1007,175621,817,84663,6,972
03/08/2021,16812,827391,8988,558311,7824,269080,11431,535770,5318,288237,63,3384,6414,355132,2528,200784,46,2395,5017,180638,2790,87453,17,989
03/09/2021,23525,850916,13449,571760,10076,279156,15178,550948,8207,296444,140,3524,8899,364031,4434,205218,116,2511,6279,186917,3773,91226,24,1013
03/10/2021,28242,879158,18561,590321,9681,288837,18630,569578,9435,305879,177,3701,12546,376577,5881,211099,134,2645,6084,193001,3554,94780,43,1056
03/11/2021,32577,911735,20832,611153,11745,300582,20639,590217,11833,317712,105,3806,13382,389959,7368,218467,82,2727,7257,200258,4465,99245,23,1079
03/12/2021,33031,944766,20706,631859,12325,312907,22422,612639,10459,328171,150,3956,14280,404239,6329,224796,97,2824,8142,208400,4130,103375,53,1132
03/13/2021,23795,968561,14955,646814,8840,321747,15772,628411,7937,336108,86,4042,9500,413739,5397,230193,58,2882,6272,214672,2540,105915,28,1160
03/14/2021,12387,980948,9231,656045,3156,324903,8960,637371,3348,339456,79,4121,6751,420490,2429,232622,51,2933,2209,216881,919,106834,28,1188
03/15/2021,24029,1004977,17137,673182,6892,331795,16895,654266,7017,346473,117,4238,12243,432733,4817,237439,77,3010,4652,221533,2200,109034,40,1228
03/16/2021,25509,1030486,17457,690639,8052,339847,17712,671978,7664,354137,133,4371,12503,445236,4840,242279,114,3124,5209,226742,2824,111858,19,1247
03/17/2021,26702,1057188,19604,710243,7098,346945,19060,691038,7572,361709,70,4441,14427,459663,5127,247406,50,3174,4633,231375,2445,114303,20,1267
03/18/2021,29236,1086424,21417,731660,7819,354764,20206,711244,8947,370656,83,4524,15053,474716,6299,253705,65,3239,5153,236528,2648,116951,18,1285
03/19/2021,30393,1116817,23163,754823,7230,361994,21325,732569,8934,379590,134,4658,16411,491127,6649,260354,103,3342,4914,241442,2285,119236,31,1316
03/20/2021,19277,1136094,13479,768302,5798,367792,14058,746627,5102,384692,117,4775,9637,500764,3743,264097,99,3441,4421,245863,1359,120595,18,1334
03/21/2021,14421,1150515,10288,778590,4133,371925,10216,756843,4113,388805,92,4867,7447,508211,2758,266855,83,3524,2769,248632,1355,121950,9,1343
03/22/2021,24165,1174680,18476,797066,5689,377614,17717,774560,6316,395121,132,4999,13647,521858,4715,271570,114,3638,4070,252702,1601,123551,18,1361
03/23/2021,27698,1202378,20539,817605,7159,384773,19758,794318,7769,402890,171,5170,14818,536676,5576,277146,145,3783,4940,257642,2193,125744,26,1387
03/24/2021,28845,1231223,20915,838520,7930,392703,21425,815743,7233,410123,187,5357,15748,552424,4999,282145,168,3951,5677,263319,2234,127978,19,1406
03/25/2021,31430,1262653,19426,857946,12004,404707,22665,838408,8582,418705,183,5540,14711,567135,4551,286696,164,4115,7954,271273,4031,132009,19,1425
03/26/2021,35748,1298401,19582,877528,16166,420873,25684,864092,9836,428541,228,5768,15024,582159,4364,291060,194,4309,10660,281933,5472,137481,34,1459
03/27/2021,24975,1323376,14141,891669,10834,431707,18739,882831,6043,434584,193,5961,10578,592737,3410,294470,153,4462,8161,290094,2633,140114,40,1499
03/28/2021,13036,1336412,10539,902208,2497,434204,10659,893490,2291,436875,86,6047,8530,601267,1950,296420,59,4521,2129,292223,341,140455,27,1526
03/29/2021,28075,1364487,20322,922530,7753,441957,21376,914866,6573,443448,126,6173,15669,616936,4560,300980,93,4614,5707,297930,2013,142468,33,1559
03/30/2021,33732,1398219,20082,942612,13650,455607,23762,938628,9809,453257,161,6334,14752,631688,5257,306237,73,4687,9010,306940,4552,147020,88,1647
03/31/2021,32451,1430670,17475,960087,14976,470583,22750,961378,9492,462749,209,6543,13089,644777,4286,310523,100,4787,9661,316601,5206,152226,109,1756
04/01/2021,33889,1464559,18352,978439,15537,486120,23395,984773,10355,473104,139,6682,13229,658006,5038,315561,85,4872,10166,326767,5317,157543,54,1810
04/02/2021,33340,1497899,15808,994247,17532,503652,24365,1009138,8792,481896,183,6865,12163,670169,3525,319086,120,4992,12202,338969,5267,162810,63,1873
04/03/2021,25776,1523675,12027,1006274,13749,517401,17816,1026954,7726,489622,234,7099,8503,678672,3380,322466,144,5136,9313,348282,4346,167156,90,1963
04/04/2021,11289,1534964,3746,1010020,7543,524944,7911,1034865,3266,492888,112,7211,2343,681015,1396,323862,7,5143,5568,353850,1870,169026,105,2068
04/05/2021,28674,1563638,14588,1024608,14086,539030,21350,1056215,7219,500107,105,7316,10901,691916,3627,327489,60,5203,10449,364299,3592,172618,45,2113
04/06/2021,37067,1600705,21684,1046292,15383,554413,27844,1084059,9060,509167,163,7479,16416,708332,5156,332645,112,5315,11428,375727,3904,176522,51,2164
04/07/2021,35325,1636030,15514,1061806,19811,574224,26780,1110839,8408,517575,137,7616,12018,720350,3402,336047,94,5409,14762,390489,5006,181528,43,2207
04/08/2021,38994,1675024,16819,1078625,22175,596399,27320,1138159,11444,529019,230,7846,12494,732844,4140,340187,185,5594,14826,405315,7304,188832,45,2252
04/09/2021,39084,1714108,17610,1096235,21474,617873,28649,1166808,9958,538977,477,8323,13375,746219,3852,344039,383,5977,15274,420589,6106,194938,94,2346
04/10/2021,29085,1743193,14928,1111163,14157,632030,21043,1187851,7612,546589,430,8753,11124,757343,3444,347483,360,6337,9919,430508,4168,199106,70,2416
04/11/2021,16691,1759884,7068,1118231,9623,641653,12028,1199879,4428,551017,235,8988,5252,762595,1647,349130,169,6506,6776,437284,2781,201887,66,2482
04/12/2021,28934,1788818,12918,1131149,16016,657669,22018,1221897,6672,557689,244,9232,9903,772498,2866,351996,149,6655,12115,449399,3806,205693,95,2577
04/13/2021,30730,1819548,13268,1144417,17462,675131,23841,1245738,6708,564397,181,9413,10619,783117,2579,354575,70,6725,13222,462621,4129,209822,111,2688
04/14/2021,30810,1850358,13734,1158151,17076,692207,22946,1268684,7691,572088,173,9586,9844,792961,3822,358397,68,6793,13102,475723,3869,213691,105,2793
04/15/2021,31734,1882092,14125,1172276,17609,709816,24990,1293674,6595,578683,149,9735,11067,804028,2987,361384,71,6864,13923,489646,3608,217299,78,2871
04/16/2021,30447,1912539,12093,1184369,18354,728170,23758,1317432,6550,585233,139,9874,9212,813240,2817,364201,64,6928,14546,504192,3733,221032,75,2946
04/17/2021,23144,1935683,10248,1194617,12896,741066,18970,1336402,4069,589302,105,9979,8634,821874,1591,365792,23,6951,10336,514528,2478,223510,82,3028
04/18/2021,14787,1950470,3237,1197854,11550,752616,11107,1347509,3601,592903,79,10058,2392,824266,829,366621,16,6967,8715,523243,2772,226282,63,3091
04/19/2021,27998,1978468,8208,1206062,19790,772406,21843,1369352,6025,598928,130,10188,6441,830707,1731,368352,36,7003,15402,538645,4294,230576,94,3185
04/20/2021,34338,2012806,14944,1221006,19394,791800,25448,1394800,8586,607514,304,10492,11865,842572,2830,371182,249,7252,13583,552228,5756,236332,55,3240
04/21/2021,29096,2041902,14120,1235126,14976,806776,22570,1417370,6111,613625,415,10907,11245,853817,2548,373730,327,7579,11325,563553,3563,239895,88,3328
04/22/2021,31955,2073857,16267,1251393,15688,822464,24620,1441990,6867,620492,468,11375,13397,867214,2524,376254,346,7925,11223,574776,4343,244238,122,3450
04/23/2021,30239,2104096,13885,1265278,16354,838818,23598,1465588,6188,626680,453,11828,11205,878419,2355,378609,325,8250,12393,587169,3833,248071,128,3578
04/24/2021,21489,2125585,12628,1277906,8861,847679,16622,1482210,4500,631180,367,12195,9741,888160,2576,381185,311,8561,6881,594050,1924,249995,56,3634
04/25/2021,8505,2134090,4514,1282420,3991,851670,6581,1488791,1610,632790,314,12509,3720,891880,483,381668,311,8872,2861,596911,1127,251122,3,3637
04/26/2021,22328,2156418,8819,1291239,13509,865179,17554,1506345,4541,637331,233,12742,6954,898834,1683,383351,182,9054,10600,607511,2858,253980,51,3688
04/27/2021,26178,2182596,8142,1299381,18036,883215,21200,1527545,4756,642087,222,12964,6947,905781,1046,384397,149,9203,14253,621764,3710,257690,73,3761
04/28/2021,24006,2206602,8925,1308306,15081,898296,19013,1546558,4827,646914,166,13130,7048,912829,1777,386174,100,9303,11965,633729,3050,260740,66,3827
04/29/2021,24032,2230634,8745,1317051,15287,913583,19241,1565799,4636,651550,155,13285,7057,919886,1602,387776,86,9389,12184,645913,3034,263774,69,3896
04/30/2021,25634,2256268,11690,1328741,13944,927527,20333,1586132,4905,656455,396,13681,8943,928829,2428,390204,319,9708,11390,657303,2477,266251,77,3973
05/01/2021,15446,2271714,5863,1334604,9583,937110,12215,1598347,3096,659551,135,13816,4579,933408,1205,391409,79,9787,7636,664939,1891,268142,56,4029
05/02/2021,6660,2278374,2326,1336930,4334,941444,5052,1603399,1545,661096,63,13879,1912,935320,360,391769,54,9841,3140,668079,1185,269327,9,4038
05/03/2021,16283,2294657,4746,1341676,11537,952981,12430,1615829,3769,664865,84,13963,3677,938997,1017,392786,52,9893,8753,676832,2752,272079,32,4070
05/04/2021,20927,2315584,7192,1348868,13735,966716,16450,1632279,4284,669149,193,14156,5798,944795,1264,394050,130,10023,10652,687484,3020,275099,63,4133
05/17/2021,17320,2536705,7809,1431474,9511,1105231,14057,1810453,3050,709360,213,16892,6492,1011877,1253,408837,64,10760,7565,798576,1797,300523,149,6132
05/18/2021,17887,2554592,8289,1439763,9598,1114829,14637,1825090,3049,712409,201,17093,7019,1018896,1211,410048,59,10819,7618,806194,1838,302361,142,6274
05/19/2021,17259,2571851,9131,1448894,8128,1122957,14170,1839260,2949,715358,140,17233,7737,1026633,1335,411383,59,10878,6433,812627,1614,303975,81,6355
05/20/2021,14390,2586241,7075,1455969,7315,1130272,11494,1850754,2766,718124,130,17363,5650,1032283,1385,412768,40,10918,5844,818471,1381,305356,90,6445
05/21/2021,18391,2604632,8693,1464662,9698,1139970,14143,1864897,4112,722236,136,17499,6800,1039083,1826,414594,67,10985,7343,825814,2286,307642,69,6514
05/05/2021,20391,2335975,7172,1356040,13219,979935,15571,1647850,4694,673843,126,14282,5989,950784,1114,395164,69,10092,9582,697066,3580,278679,57,4190
05/06/2021,19236,2355211,6118,1362158,13118,993053,15454,1663304,3660,677503,122,14404,4945,955729,1099,396263,74,10166,10509,707575,2561,281240,48,4238
05/07/2021,18979,2374190,6713,1368871,12266,1005319,14919,1678223,3911,681414,149,14553,5199,960928,1422,397685,92,10258,9720,717295,2489,283729,57,4295
05/08/2021,15542,2389732,4866,1373737,10676,1015995,12932,1691155,2502,683916,108,14661,3818,964746,979,398664,69,10327,9114,726409,1523,285252,39,4334
05/09/2021,4128,2393860,1774,1375511,2354,1018349,3230,1694385,867,684783,31,14692,1475,966221,269,398933,30,10357,1755,728164,598,285850,1,4335
05/10/2021,13018,2406878,4733,1380244,8285,1026634,10141,1704526,2792,687575,85,14777,3577,969798,1103,400036,53,10410,6564,734728,1689,287539,32,4367
05/11/2021,19412,2426290,5321,1385565,14091,1040725,16005,1720531,3134,690709,273,15050,4429,974227,859,400895,33,10443,11576,746304,2275,289814,240,4607
05/12/2021,17843,2444133,5588,1391153,12255,1052980,14543,1735074,2974,693683,326,15376,4564,978791,972,401867,52,10495,9979,756283,2002,291816,274,4881
05/13/2021,23300,2467433,8288,1399441,15012,1067992,18836,1753910,4130,697813,334,15710,6655,985446,1578,403445,55,10550,12181,768464,2552,294368,279,5160
05/14/2021,21688,2489121,9385,1408826,12303,1080295,17713,1771623,3668,701481,307,16017,7766,993212,1572,405017,47,10597,9947,778411,2096,296464,260,5420
05/15/2021,19921,2509042,8994,1417820,10927,1091222,16591,1788214,3002,704483,328,16345,7652,1000864,1289,406306,53,10650,8939,787350,1713,298177,275,5695
05/16/2021,10343,2519385,5845,1423665,4498,1095720,8182,1796396,1827,706310,334,16679,4521,1005385,1278,407584,46,10696,3661,791011,549,298726,288,5983
05/22/2021,15650,2620282,8345,1473007,7305,1147275,11593,1876490,3624,725860,433,17932,6348,1045431,1871,416465,126,11111,5245,831059,1753,309395,307,6821
05/23/2021,6113,2626395,3745,1476752,2368,1149643,5031,1881521,1012,726872,70,18002,3067,1048498,653,417118,25,11136,1964,833023,359,309754,45,6866
05/24/2021,12769,2639164,6809,1483561,5960,1155603,9661,1891182,2992,729864,116,18118,5018,1053516,1729,418847,62,11198,4643,837666,1263,311017,54,6920
05/25/2021,11930,2651094,5662,1489223,6268,1161871,9509,1900691,2350,732214,71,18189,4318,1057834,1314,420161,30,11228,5191,842857,1036,312053,41,6961
06/11/2021,10691,2810383,4019,1558020,6672,1252363,8686,2031049,1906,760024,99,19310,3177,1113011,796,433194,46,11815,5509,918038,1110,326830,53,7495
06/12/2021,8898,2819281,2903,1560923,5995,1258358,7162,2038211,1638,761662,98,19408,2347,1115358,516,433710,40,11855,4815,922853,1122,327952,58,7553
05/26/2021,12435,2663529,6385,1495608,6050,1167921,10083,1910774,2301,734515,51,18240,4996,1062830,1364,421525,25,11253,5087,847944,937,312990,26,6987
05/27/2021,10353,2673882,5018,1500626,5335,1173256,8280,1919054,2013,736528,60,18300,3932,1066762,1056,422581,30,11283,4348,852292,957,313947,30,7017
05/28/2021,12073,2685955,4958,1505584,7115,1180371,9633,1928687,2355,738883,85,18385,3858,1070620,1052,423633,48,11331,5775,858067,1303,315250,37,7054
05/29/2021,8365,2694320,4930,1510514,3435,1183806,6631,1935318,1665,740548,69,18454,3908,1074528,961,424594,61,11392,2723,860790,704,315954,8,7062
05/30/2021,2914,2697234,1728,1512242,1186,1184992,2444,1937762,444,740992,26,18480,1419,1075947,291,424885,18,11410,1025,861815,153,316107,8,7070
05/31/2021,710,2697944,492,1512734,218,1185210,559,1938321,148,741140,3,18483,376,1076323,114,424999,2,11412,183,861998,34,316141,1,7071
06/01/2021,11069,2709013,4884,1517618,6185,1191395,8808,1947129,2206,743346,55,18538,3896,1080219,962,425961,26,11438,4912,866910,1244,317385,29,7100
06/02/2021,10537,2719550,5618,1523236,4919,1196314,8673,1955802,1818,745164,46,18584,4654,1084873,943,426904,21,11459,4019,870929,875,318260,25,7125
06/03/2021,11262,2730812,4625,1527861,6637,1202951,9246,1965048,1969,747133,47,18631,3785,1088658,811,427715,29,11488,5461,876390,1158,319418,18,7143
06/04/2021,12113,2742925,4771,1532632,7342,1210293,9935,1974983,2095,749228,83,18714,3708,1092366,1013,428728,50,11538,6227,882617,1082,320500,33,7176
06/05/2021,10627,2753552,4340,1536972,6287,1216580,9179,1984162,1350,750578,98,18812,3652,1096018,624,429352,64,11602,5527,888144,726,321226,34,7210
06/06/2021,6347,2759899,2002,1538974,4345,1220925,5021,1989183,1258,751836,68,18880,1577,1097595,398,429750,27,11629,3444,891588,860,322086,41,7251
06/07/2021,9842,2769741,3779,1542753,6063,1226988,8241,1997424,1532,753368,69,18949,3073,1100668,677,430427,29,11658,5168,896756,855,322941,40,7291
06/08/2021,10279,2780020,3741,1546494,6538,1233526,8559,2005983,1633,755001,87,19036,2970,1103638,739,431166,32,11690,5589,902345,894,323835,55,7346
06/09/2021,10342,2790362,3669,1550163,6673,1240199,8767,2014750,1495,756496,80,19116,3091,1106729,551,431717,27,11717,5676,908021,944,324779,53,7399
06/10/2021,9330,2799692,3838,1554001,5492,1245691,7613,2022363,1622,758118,95,19211,3105,1109834,681,432398,52,11769,4508,912529,941,325720,43,7442
06/13/2021,4292,2823573,1366,1562289,2926,1261284,3532,2041743,735,762397,25,19433,1111,1116469,243,433953,12,11867,2421,925274,492,328444,13,7566
06/14/2021,8764,2832337,3593,1565882,5171,1266455,7030,2048773,1664,764061,70,19503,3033,1119502,532,434485,28,11895,3997,929271,1132,329576,42,7608
06/15/2021,8380,2840717,3411,1569293,4969,1271424,6632,2055405,1676,765737,72,19575,2762,1122264,622,435107,27,11922,3870,933141,1054,330630,45,7653
07/04/2021,202,2934808,112,1610259,90,1324549,140,2132893,57,781359,5,20556,61,1155927,46,441836,5,12496,79,976966,11,339523,0,8060
07/12/2021,4253,2965160,2288,1624825,1965,1340335,3478,2158216,708,785993,67,20951,1854,1167900,387,444163,47,12762,1624,990316,321,341830,20,8189
06/16/2021,8292,2849009,3123,1572416,5169,1276593,6593,2061998,1643,767380,56,19631,2540,1124804,559,435666,24,11946,4053,937194,1084,331714,32,7685
06/17/2021,6586,2855595,2720,1575136,3866,1280459,5285,2067283,1231,768611,70,19701,2169,1126973,521,436187,30,11976,3116,940310,710,332424,40,7725
06/18/2021,6819,2862414,2765,1577901,4054,1284513,5609,2072892,1142,769753,68,19769,2281,1129254,447,436634,37,12013,3328,943638,695,333119,31,7756
06/19/2021,6036,2868450,2441,1580342,3595,1288108,4810,2077702,1148,770901,78,19847,1835,1131089,562,437196,44,12057,2975,946613,586,333705,34,7790
06/20/2021,2187,2870637,1077,1581419,1110,1289218,1781,2079483,374,771275,32,19879,878,1131967,176,437372,23,12080,903,947516,198,333903,9,7799
06/21/2021,4926,2875563,2628,1584047,2298,1291516,4178,2083661,712,771987,36,19915,2186,1134153,417,437789,25,12105,1992,949508,295,334198,11,7810
06/22/2021,6284,2881847,2592,1586639,3692,1295208,5147,2088808,1085,773072,52,19967,2154,1136307,415,438204,23,12128,2993,952501,670,334868,29,7839
06/23/2021,7098,2888945,3031,1589670,4067,1299275,5971,2094779,1081,774153,46,20013,2535,1138842,473,438677,23,12151,3436,955937,608,335476,23,7862
06/24/2021,5097,2894042,1841,1591511,3256,1302531,4220,2098999,829,774982,48,20061,1546,1140388,276,438953,19,12170,2674,958611,553,336029,29,7891
06/25/2021,6051,2900093,2290,1593801,3761,1306292,4904,2103903,1103,776085,44,20105,1971,1142359,304,439257,15,12185,2933,961544,799,336828,29,7920
06/26/2021,4247,2904340,1907,1595708,2340,1308632,3492,2107395,681,776766,74,20179,1507,1143866,344,439601,56,12241,1985,963529,337,337165,18,7938
06/27/2021,2055,2906395,1075,1596783,980,1309612,1758,2109153,272,777038,25,20204,919,1144785,142,439743,14,12255,839,964368,130,337295,11,7949
06/28/2021,4914,2911309,2527,1599310,2387,1311999,4115,2113268,744,777782,55,20259,2131,1146916,360,440103,36,12291,1984,966352,384,337679,19,7968
06/29/2021,5051,2916360,2366,1601676,2685,1314684,4105,2117373,890,778672,56,20315,1923,1148839,411,440514,32,12323,2182,968534,479,338158,24,7992
06/30/2021,5623,2921983,2747,1604423,2876,1317560,4751,2122124,804,779476,68,20383,2275,1151114,419,440933,53,12376,2476,971010,385,338543,15,8007
07/01/2021,4647,2926630,2127,1606550,2520,1320080,3841,2125965,720,780196,86,20469,1729,1152843,331,441264,67,12443,2112,973122,389,338932,19,8026
07/02/2021,4884,2931514,2219,1608769,2665,1322745,4126,2130091,717,780913,41,20510,1858,1154701,343,441607,18,12461,2268,975390,374,339306,23,8049
07/03/2021,3092,2934606,1378,1610147,1714,1324459,2662,2132753,389,781302,41,20551,1165,1155866,183,441790,30,12491,1497,976887,206,339512,11,8060
07/13/2021,3964,2969124,2083,1626908,1881,1342216,3347,2161563,581,786574,36,20987,1737,1169637,327,444490,19,12781,1610,991926,254,342084,17,8206
07/05/2021,2314,2937122,1226,1611485,1088,1325637,1985,2134878,312,781671,17,20573,1037,1156964,181,442017,8,12504,948,977914,131,339654,9,8069
07/06/2021,4608,2941730,1855,1613340,2753,1328390,3954,2138832,634,782305,20,20593,1578,1158542,271,442288,6,12510,2376,980290,363,340017,14,8083
07/07/2021,4807,2946537,2090,1615430,2717,1331107,4028,2142860,718,783023,61,20654,1731,1160273,316,442604,43,12553,2297,982587,402,340419,18,8101
07/08/2021,4204,2950741,1975,1617405,2229,1333336,3437,2146297,730,783753,37,20691,1578,1161851,383,442987,14,12567,1859,984446,347,340766,23,8124
07/09/2021,4766,2955507,2373,1619778,2393,1335729,3993,2150290,676,784429,97,20788,1918,1163769,382,443369,73,12640,2075,986521,294,341060,24,8148
07/10/2021,3657,2959164,1783,1621561,1874,1337603,3021,2153311,581,785010,55,20843,1500,1165269,240,443609,43,12683,1521,988042,341,341401,12,8160
07/11/2021,1743,2960907,976,1622537,767,1338370,1427,2154738,275,785285,41,20884,777,1166046,167,443776,32,12715,650,988692,108,341509,9,8169
07/14/2021,4200,2973324,2052,1628960,2148,1344364,3502,2165065,623,787197,75,21062,1656,1171293,337,444827,59,12840,1846,993772,286,342370,16,8222
07/15/2021,3762,2977086,1942,1630902,1820,1346184,3214,2168279,494,787691,54,21116,1641,1172934,269,445096,32,12872,1573,995345,225,342595,22,8244
